%YAML:1.0
---
Count: 8
Element0: !!opencv-matrix
   rows: 32
   cols: 1
   dt: f
   data: [ 3.75968993e-01, 2.24806204e-01, 1.55038759e-01,
       1.58914730e-01, 7.75193796e-02, 2.59689927e-01, 5.03875986e-02,
       5.42635657e-02, 3.10077518e-02, 1., 5.81395328e-02, 0., 0.,
       3.87596898e-02, 7.75193796e-03, 1.16279069e-02, 1.55038759e-02,
       5.03875986e-02, 1.16279069e-02, 3.87596898e-02, 1.55038759e-02,
       0., 5.42635657e-02, 3.10077518e-02, 4.26356569e-02,
       3.87596898e-02, 1.58914730e-01, 6.97674453e-02, 1.24031007e-01,
       1.12403102e-01, 2.36434102e-01, 1.24031007e-01 ]
Element1: !!opencv-matrix
   rows: 32
   cols: 1
   dt: f
   data: [ 4.43514645e-01, 1.63179919e-01, 1.17154807e-01,
       1.42259404e-01, 7.53138065e-02, 2.30125517e-01, 5.43933026e-02,
       8.36820081e-02, 4.18410040e-02, 1., 4.60251048e-02, 0.,
       5.43933026e-02, 4.18410040e-02, 3.34728025e-02, 8.36820062e-03,
       3.76569033e-02, 1.25523005e-02, 2.09205020e-02, 3.76569033e-02,
       2.92887017e-02, 2.51046009e-02, 2.09205020e-02, 7.11297020e-02,
       6.69456050e-02, 7.94979036e-02, 1.17154807e-01, 7.53138065e-02,
       1.00418404e-01, 1.25523016e-01, 2.97071129e-01, 1.42259404e-01 ]
Element2: !!opencv-matrix
   rows: 32
   cols: 1
   dt: f
   data: [ 4.94505495e-01, 3.15018326e-01, 3.04029316e-01,
       2.60073274e-01, 1.50183156e-01, 2.71062285e-01, 1.50183156e-01,
       1.09890111e-01, 6.22710623e-02, 1., 9.89011005e-02,
       -2.32830644e-10, 3.66300382e-02, 6.95970729e-02, 1.46520147e-02,
       1.46520147e-02, 6.59340695e-02, 3.66300344e-03, -2.32830644e-10,
       3.29670310e-02, 2.56410260e-02, 2.56410260e-02, 1.83150172e-02,
       2.19780225e-02, 4.76190485e-02, 4.76190485e-02, 1.02564104e-01,
       6.59340695e-02, 9.52380970e-02, 4.39560451e-02, 1.35531142e-01,
       1.28205135e-01 ]
Element3: !!opencv-matrix
   rows: 32
   cols: 1
   dt: f
   data: [ 4.07821208e-01, 2.51396626e-01, 2.40223452e-01,
       2.62569815e-01, 2.06703901e-01, 1.92737430e-01, 1.42458096e-01,
       1.39664799e-01, 9.49720666e-02, 1., 1.03351951e-01,
       1.11731840e-02, 6.98323995e-02, 4.74860333e-02, 8.37988779e-03,
       0., 4.46927361e-02, 5.58659201e-03, 8.37988779e-03,
       1.11731840e-02, 1.95530728e-02, 1.95530728e-02, 3.63128483e-02,
       3.63128483e-02, 5.30726239e-02, 2.51396634e-02, 1.11731842e-01,
       2.51396634e-02, 6.42458051e-02, 8.93854722e-02, 8.93854722e-02,
       1.08938545e-01 ]
Element4: !!opencv-matrix
   rows: 32
   cols: 1
   dt: f
   data: [ 2.53638268e-01, 9.77130979e-02, 4.78170477e-02,
       8.93970877e-02, 4.36590426e-02, 8.26403350e-02, 5.30145541e-02,
       3.89812887e-02, 1.45530142e-02, 1., 5.45738041e-02,
       1.03950105e-03, 5.71725564e-03, 6.23700628e-03, 5.19750547e-03,
       0., 2.44282745e-02, 1.19542619e-02, 1.40332645e-02,
       4.15800419e-03, 1.24740126e-02, 6.23700628e-03, 8.31600837e-03,
       2.13097706e-02, 4.57380451e-02, 6.70478195e-02, 1.57484412e-01,
       1.60602912e-01, 2.27650732e-01, 1.41891897e-01, 1.75155923e-01,
       6.86070696e-02 ]
Element5: !!opencv-matrix
   rows: 32
   cols: 1
   dt: f
   data: [ 2.33576655e-01, 8.64682794e-02, 5.10948934e-02,
       9.93823707e-02, 5.10948934e-02, 9.09601375e-02, 5.05334102e-02,
       3.20044942e-02, 1.06681641e-02, 1., 5.05334102e-02,
       -5.82076609e-11, 9.54519957e-03, 5.61482320e-03, -5.82076609e-11,
       1.12296455e-03, 2.63896696e-02, 1.62829868e-02, 1.01066818e-02,
       1.34755755e-02, 1.90903991e-02, 2.18978114e-02, 3.03200465e-02,
       3.93037647e-02, 8.30993876e-02, 9.82594043e-02, 1.85289174e-01,
       1.88658059e-01, 2.64458179e-01, 1.94834366e-01, 2.28523314e-01,
       7.01852888e-02 ]
Element6: !!opencv-matrix
   rows: 32
   cols: 1
   dt: f
   data: [ 1., 5.96371889e-01, 2.90249437e-01, 2.65306115e-01,
       1.49659872e-01, 1.60997733e-01, 2.08616778e-01, 2.51700670e-01,
       1.02040820e-01, 6.03174627e-01, 6.80272132e-02, 6.80272095e-03,
       1.13378689e-02, 1.81405898e-02, 1.36054419e-02, -2.32830644e-10,
       2.26757377e-02, 2.26757349e-03, 1.58730149e-02, 4.30838987e-02,
       4.53514755e-02, 4.76190485e-02, 2.72108838e-02, 5.21541946e-02,
       2.94784587e-02, 8.84353742e-02, 2.53968269e-01, 9.97732431e-02,
       3.35600913e-01, 5.75963736e-01, 9.36507940e-01, 6.64399087e-01 ]
Element7: !!opencv-matrix
   rows: 32
   cols: 1
   dt: f
   data: [ 6.53061211e-01, 4.28571433e-01, 2.55102038e-01,
       5.10204077e-01, 1.02040812e-01, 4.38775510e-01, 6.12244904e-02,
       2.04081628e-02, 1.02040814e-02, 1.63265303e-01, 6.12244904e-02,
       0., 0., 0., 2.04081628e-02, 0., 4.08163257e-02, 5.10204062e-02,
       3.06122452e-02, 4.08163257e-02, 9.18367356e-02, 8.16326514e-02,
       1.12244897e-01, 1.53061226e-01, 1.42857134e-01, 2.75510192e-01,
       2.85714269e-01, 1.02040812e-01, 4.08163249e-01, 5.61224461e-01,
       1., 5.30612230e-01 ]
