%YAML:1.0
---
Count: 8
Element0: !!opencv-matrix
   rows: 32
   cols: 1
   dt: f
   data: [ 9.99999940e-01, 4.24657524e-01, 1.46118715e-01,
       9.13241953e-02, 9.58904102e-02, 5.70776239e-02, 5.47945201e-02,
       5.70776239e-02, 5.02283089e-02, 3.88127826e-02, 5.47945201e-02,
       3.65296789e-02, 3.42465751e-02, 1.36986300e-02, 2.05479451e-02,
       1.36986300e-02, 4.56620986e-03, 6.84931502e-03, 6.84931502e-03,
       2.28310493e-03, 0., 4.56620986e-03, 6.84931502e-03,
       4.56620986e-03, 0., 4.56620986e-03, 2.28310493e-03, 0., 0.,
       4.56620986e-03, 0., 4.56620976e-02 ]
Element1: !!opencv-matrix
   rows: 32
   cols: 1
   dt: f
   data: [ 1., 4.54976320e-01, 9.24170613e-02, 7.58293867e-02,
       5.21327034e-02, 7.10900500e-02, 5.92417084e-02, 5.21327034e-02,
       4.26540300e-02, 5.21327034e-02, 4.26540300e-02, 4.26540300e-02,
       3.55450250e-02, 1.18483417e-02, 2.13270150e-02, 1.65876783e-02,
       1.42180100e-02, 9.47867334e-03, 2.36966833e-03, 2.36966833e-03,
       7.10900500e-03, 7.10900500e-03, 9.47867334e-03, 4.73933667e-03,
       2.36966833e-03, 2.36966833e-03, 0., 0., 4.73933667e-03,
       2.36966833e-03, 0., 3.31753567e-02 ]
Element2: !!opencv-matrix
   rows: 32
   cols: 1
   dt: f
   data: [ 1., 4.54157799e-01, 1.08742006e-01, 9.16844383e-02,
       9.38166305e-02, 8.10234547e-02, 1.00213222e-01, 5.75692989e-02,
       5.11727110e-02, 4.26439233e-02, 8.74200463e-02, 5.54371029e-02,
       2.77185515e-02, 4.26439233e-02, 2.77185515e-02, 2.13219617e-02,
       1.49253737e-02, 1.91897657e-02, 1.06609808e-02, 2.13219617e-02,
       4.26439242e-03, 8.52878485e-03, 2.34541576e-02, 6.39658887e-03,
       0., 2.13219621e-03, 8.52878485e-03, 0., 2.13219621e-03,
       2.13219621e-03, 6.39658887e-03, 1.15138598e-01 ]
Element3: !!opencv-matrix
   rows: 32
   cols: 1
   dt: f
   data: [ 1., 4.00722027e-01, 1.26353785e-01, 1.24548733e-01,
       8.66426006e-02, 6.85920566e-02, 7.40072206e-02, 6.49819523e-02,
       5.95667884e-02, 6.49819523e-02, 5.95667884e-02, 6.85920566e-02,
       4.69314083e-02, 4.51263525e-02, 1.98555961e-02, 1.26353791e-02,
       3.42960283e-02, 1.44404331e-02, 2.16606501e-02, 1.62454881e-02,
       9.02527012e-03, 9.02527012e-03, 9.02527012e-03, 1.08303251e-02,
       5.41516207e-03, -1.16415322e-10, 7.22021656e-03, 5.41516207e-03,
       5.41516207e-03, 1.80505402e-03, 7.22021656e-03, 1.15523465e-01 ]
Element4: !!opencv-matrix
   rows: 32
   cols: 1
   dt: f
   data: [ 1., 2.22300142e-01, 7.78401121e-02, 6.20617121e-02,
       4.38288935e-02, 4.41795215e-02, 5.22440374e-02, 5.08415140e-02,
       4.13744748e-02, 2.84011215e-02, 2.41935477e-02, 1.82328187e-02,
       2.06872374e-02, 2.80504897e-02, 3.29593271e-02, 2.76998598e-02,
       3.43618505e-02, 2.20897608e-02, 2.34922860e-02, 1.54277701e-02,
       1.47265075e-02, 1.43758766e-02, 1.26227206e-02, 1.33239832e-02,
       8.76577850e-03, 1.01683028e-02, 3.50631122e-03, 1.75315561e-03,
       1.40252453e-03, 3.50631133e-04, 0., 3.29593271e-02 ]
Element5: !!opencv-matrix
   rows: 32
   cols: 1
   dt: f
   data: [ 1., 2.37985387e-01, 7.30488300e-02, 5.92079945e-02,
       4.30603623e-02, 4.11380231e-02, 4.76739705e-02, 4.95963097e-02,
       3.65244150e-02, 2.53748558e-02, 3.69088799e-02, 3.26797366e-02,
       3.46020758e-02, 4.26758938e-02, 5.22875823e-02, 5.22875823e-02,
       4.07535546e-02, 5.26720472e-02, 4.19069566e-02, 4.07535546e-02,
       3.26797366e-02, 2.38369852e-02, 1.53787006e-02, 1.92233752e-02,
       1.15340250e-02, 1.11495573e-02, 9.22721997e-03, -1.45519152e-10,
       4.22914233e-03, 3.84467491e-03, 3.46020749e-03, 3.38331424e-02 ]
Element6: !!opencv-matrix
   rows: 32
   cols: 1
   dt: f
   data: [ 1., 6.20300770e-01, 3.32706779e-01, 2.38721818e-01,
       2.63157904e-01, 2.66917288e-01, 2.70676702e-01, 3.81578952e-01,
       2.76315808e-01, 2.25563914e-01, 2.38721818e-01, 1.35338351e-01,
       1.25939846e-01, 1.24060154e-01, 1.25939846e-01, 9.02255625e-02,
       8.64661708e-02, 5.82706779e-02, 6.76691756e-02, 5.45112789e-02,
       4.69924808e-02, 2.63157897e-02, 3.75939868e-02, 3.75939868e-02,
       2.25563906e-02, 2.25563906e-02, 1.69172939e-02, 2.63157897e-02,
       1.50375944e-02, 2.25563906e-02, 0., 3.53383482e-01 ]
Element7: !!opencv-matrix
   rows: 32
   cols: 1
   dt: f
   data: [ 9.30555582e-01, 1., 3.88888896e-01, 4.93055552e-01,
       2.70833343e-01, 1.66666672e-01, 2.56944448e-01, 1.18055560e-01,
       1.73611119e-01, 8.33333358e-02, 6.94444478e-02, 2.77777780e-02,
       6.94444478e-02, 7.63888881e-02, 4.16666679e-02, 6.25000000e-02,
       4.86111119e-02, 3.47222239e-02, 2.77777780e-02, 1.38888890e-02,
       1.38888890e-02, 6.94444450e-03, 0., 2.08333340e-02, 0.,
       1.38888890e-02, 6.94444450e-03, 0., 0., 6.94444450e-03, 0.,
       9.02777761e-02 ]
