%YAML:1.0
---
Count: 5
Element0: [ 17., 36., 6.3878649473190308e-01 ]
Element1: [ 20., 41., 5.4110264778137207e-01 ]
Element2: [ 10., 24., 1.1705108880996704e+00 ]
Element3: [ 4., 14., 2.8578996658325195e+00 ]
Element4: [ 3., 14., 5.6687254905700684e+00 ]
