%YAML:1.0
---
Count: 8
Element0: !!opencv-matrix
   rows: 32
   cols: 1
   dt: f
   data: [ 2.73972610e-03, 2.73972610e-03, 6.84931502e-03,
       2.60273982e-02, 5.47945220e-03, 0., 2.73972610e-03,
       1.36986305e-03, 0., 6.84931502e-03, 8.21917877e-03,
       4.10958901e-02, 2.32876725e-02, 9.58904158e-03, 8.21917877e-03,
       6.84931502e-03, 8.21917877e-03, 1.36986300e-02, 1.36986305e-03,
       1.36986305e-03, 5.47945220e-03, 4.10958938e-03, 6.84931502e-03,
       6.84931502e-03, 5.47945220e-03, 6.84931502e-03, 5.47945220e-03,
       4.10958938e-03, 1.64383575e-02, 1.64383575e-02, 2.73972601e-02,
       1. ]
Element1: !!opencv-matrix
   rows: 32
   cols: 1
   dt: f
   data: [ 0., 4.26136376e-03, 5.68181835e-03, 2.27272734e-02,
       1.56250000e-02, 1.13636367e-02, 5.68181835e-03, 5.68181835e-03,
       9.94318165e-03, 8.52272753e-03, 2.13068184e-02, 1.98863633e-02,
       2.41477285e-02, 9.94318165e-03, 2.13068184e-02, 1.13636367e-02,
       1.13636367e-02, 1.27840918e-02, 8.52272753e-03, 8.52272753e-03,
       1.56250000e-02, 1.27840918e-02, 8.52272753e-03, 5.68181835e-03,
       1.42045459e-03, 0., 9.94318165e-03, 2.84090918e-03,
       9.94318165e-03, 1.27840918e-02, 1.56250000e-02, 1. ]
Element2: !!opencv-matrix
   rows: 32
   cols: 1
   dt: f
   data: [ 6.18046988e-03, 7.41656357e-03, 5.93325086e-02,
       7.04573542e-02, 3.21384408e-02, 4.94437572e-03, 6.18046988e-03,
       8.65265727e-03, 6.18046988e-03, 6.18046988e-03, 1.11248456e-02,
       2.71940660e-02, 1.97775029e-02, 1.60692204e-02, 1.48331271e-02,
       1.23609398e-02, 7.41656357e-03, 7.41656357e-03, 7.41656357e-03,
       9.88875143e-03, 4.94437572e-03, 1.11248456e-02, 3.70828179e-03,
       0., 1.11248456e-02, 1.35970330e-02, 1.73053145e-02,
       2.34857854e-02, 1.11248456e-02, 1.11248456e-02, 1.23609398e-02,
       1. ]
Element3: !!opencv-matrix
   rows: 32
   cols: 1
   dt: f
   data: [ 3.17796599e-03, 6.35593198e-03, 4.23728824e-02,
       7.41525441e-02, 3.91949154e-02, 1.27118640e-02, 3.17796599e-03,
       7.41525413e-03, 1.05932206e-02, 0., 1.27118640e-02,
       1.48305083e-02, 2.22457629e-02, 1.16525423e-02, 2.01271195e-02,
       1.48305083e-02, 1.16525423e-02, 1.80084743e-02, 1.27118640e-02,
       2.75423732e-02, 1.80084743e-02, 2.22457629e-02, 1.48305083e-02,
       2.33050846e-02, 2.11864412e-02, 1.48305083e-02, 1.27118640e-02,
       1.37711866e-02, 1.16525423e-02, 1.37711866e-02, 2.54237279e-02,
       1. ]
Element4: !!opencv-matrix
   rows: 32
   cols: 1
   dt: f
   data: [ 1.43850397e-03, 8.15152284e-03, 2.20570602e-02,
       3.45240943e-02, 3.16470861e-02, 2.34955642e-02, 2.68520750e-02,
       3.47638465e-02, 2.42148172e-02, 1.63030457e-02, 9.59002599e-03,
       1.12682814e-02, 8.39127321e-03, 1.03092780e-02, 5.03476383e-03,
       5.99376671e-03, 2.39750650e-03, 1.91800529e-03, 7.19251984e-04,
       7.19251984e-04, 9.59002646e-04, 1.43850397e-03, 2.63725733e-03,
       0., 2.87700794e-03, 4.07576142e-03, 4.79501300e-03,
       8.39127321e-03, 9.35027562e-03, 1.89403016e-02, 2.34955642e-02,
       1. ]
Element5: !!opencv-matrix
   rows: 32
   cols: 1
   dt: f
   data: [ 1.83246075e-03, 8.37696344e-03, 3.66492160e-02,
       4.92146611e-02, 8.06282759e-02, 8.16753954e-02, 5.44502623e-02,
       4.18848172e-02, 2.22513098e-02, 1.54450266e-02, 7.32984301e-03,
       8.90052319e-03, 1.02094244e-02, 7.85340369e-03, 6.02094270e-03,
       2.09424086e-03, 2.61780107e-03, 2.61780107e-04, 1.04712043e-03,
       5.23560215e-04, 2.35602097e-03, 1.04712043e-03, 7.85340322e-04,
       7.85340322e-04, 0., 0., 1.30890054e-03, 4.45026159e-03,
       2.35602097e-03, 1.25654452e-02, 2.27748696e-02, 1. ]
Element6: !!opencv-matrix
   rows: 32
   cols: 1
   dt: f
   data: [ 1.15207385e-03, 5.58755770e-02, 3.85944694e-02,
       3.85944694e-02, 1.55529957e-02, 1.55529957e-02, 1.32488478e-02,
       1.67050697e-02, 1.03686638e-02, 1.26728108e-02, 6.33640587e-03,
       6.91244239e-03, 8.64055287e-03, 1.16415322e-10, 1.15207378e-02,
       1.90092176e-02, 3.74423973e-02, 2.59216595e-02, 1.09447008e-02,
       1.55529957e-02, 1.32488478e-02, 1.15207378e-02, 2.07373276e-02,
       6.33640587e-03, 1.03686638e-02, 1.67050697e-02, 1.55529957e-02,
       2.59216595e-02, 2.01612897e-02, 2.99539175e-02, 5.93317971e-02,
       1. ]
Element7: !!opencv-matrix
   rows: 32
   cols: 1
   dt: f
   data: [ 5.96421445e-03, 1.39164999e-02, 1.98807158e-02,
       2.38568578e-02, 1.59045719e-02, 1.59045719e-02, 2.78329998e-02,
       2.78329998e-02, 3.18091437e-02, 1.39164999e-02, 7.95228593e-03,
       3.97614297e-03, 3.97614297e-03, 5.96421445e-03, 3.97614297e-03,
       9.94035788e-03, 5.96421445e-03, 0., 1.98807148e-03,
       1.98807148e-03, 1.98807148e-03, 3.97614297e-03, 1.98807148e-03,
       5.96421445e-03, 7.95228593e-03, 1.98807148e-03, 5.96421445e-03,
       5.96421445e-03, 7.95228593e-03, 1.98807148e-03, 3.97614297e-03,
       9.99999940e-01 ]
