%YAML:1.0
---
cameraMatrix: !!opencv-matrix
   rows: 3
   cols: 3
   dt: d
   data: [ 3.6698225373916739e+02, 0., 2.9692347818662171e+02, 0.,
       3.6191394859412679e+02, 2.7909470306660484e+02, 0., 0., 1. ]
distCoeffs: !!opencv-matrix
   rows: 12
   cols: 1
   dt: d
   data: [ -1.5668589117663412e+00, 7.0894682406854181e-01,
       6.6871622236302124e-03, 1.4075402854522344e-03, 0.,
       -1.4982149572011640e+00, 6.0328447339537916e-01,
       4.8136315201971966e-02, 0., 0., 0., 0. ]
