%YAML:1.0
---
Count: 5
Element0: [ 3., 37., 2.4939479827880859e+00 ]
Element1: [ 2., 29., 2.7385580539703369e+00 ]
Element2: [ 7., 46., 1.7343409061431885e+00 ]
Element3: [ 4., 44., 1.8453469276428223e+00 ]
Element4: [ 19., 77., 4.2364168167114258e-01 ]
